109
98
108
119
100
113
118
103
115
117
109
119
99
113
97
113
99
105
103
98
104
120
99
117
119
107
111
119
109
108
107
111
101
115
117
111
107
99
107
122
105
114
110
113
118
121
107
107
122
97
111
119
114
114
112
110
115
122
120
111
114
117
119
116
106
99
113
100
105
100
117
113
122
107
105
109
118
118
98
121
113
97
114
101
97
119
104
112
97
118
118
121
122
118
112
122
119
107
115
112
109
114
116
101
103
106
108
119
108
101
115
100
105
112
109
101
108
120
116
114
101
118
108
108
110
109
110
101
119
103
97
108
120
113
117
120
118
98
100
111
112
107
114
118
121
120
103
103
117
102
113
99
104
98
119
112
111
98
114
101
105
104
100
114
112
116
97
99
121
120
121
115
99
118
120
100
110
111
122
122
97
101
117
122
120
118
115
108
102
115
102
122
116
113
118
119
100
102
103
119
102
111
103
116
110
98
99
121
121
107
106
112
106
121
104
98
121
100
118
109
102
120
115
110
98
115
118
112
115
99
106
108
111
99
103
103
101
114
102
109
103
106
110
100
101
122
102
100
116
122
107
115
104
105
119
101
119
109
98
97
109
108
120
109
112
122
120
101
110
101
122
109
117
115
106
110
105
102
99
107
109
105
103
119
108
120
99
102
119
116
115
115
116
101
121
116
122
114
113
104
112
103
98
103
116
115
122
107
120
100
100
107
117
99
101
99
116
101
115
121
111
117
101
121
98
117
105
99
106
100
115
115
116
103
97
103
100
98
106
108
97
114
103
122
115
110
121
115
122
119
100
104
101
100
111
119
119
113
118
107
100
121
104
101
121
115
118
114
116
101
105
115
120
107
118
113
115
111
100
102
100
115
113
118
120
117
97
104
121
103
121
104
122
102
111
119
116
110
114
112
110
103
118
115
100
101
102
119
102
117
112
113
112
109
122
113
104
110
119
109
117
122
115
111
100
104
99
99
98
97
113
97
97
116
106
97
111
118
118
103
98
111
118
102
121
108
109
117
121
109
107
105
105
120
116
100
105
101
109
119
117
107
101
109
108
104
114
119
118
103
107
101
110
97
116
122
116
116
106
121
112
100
112
113
97
121
115
103
115
115
104
119
122
113
101
115
109
106
114
106
112
109
107
105
108
119
119
98
118
109
106
99
98
103
100
119
120
104
121
122
98
107
102
114
99
100
98
112
117
120
116
110
122
111
122
101
109
102
107
118
112
111
107
119
121
104
121
122
102
99
101
111
107
105
108
99
109
100
106
107
111
107
101
122
97
119
112
114
121
105
119
111
118
101
116
111
101
101
111
108
98
101
120
114
115
101
104
97
102
99
100
103
101
122
118
109
113
109
114
106
108
104
119
99
108
103
104
97
122
120
101
117
107
105
109
107
120
121
99
101
101
110
104
118
110
101
99
102
112
107
117
115
104
103
99
101
117
107
99
105
98
118
111
101
103
117
121
111
100
103
109
109
103
114
102
108
98
102
102
114
98
117
112
108
113
107
113
109
97
97
102
121
100
121
107
101
103
111
115
113
103
111
111
105
122
122
119
99
112
112
113
113
97
99
114
113
102
97
106
105
113
108
116
98
112
112
99
122
102
113
120
106
114
103
118
108
101
108
117
122
98
112
116
105
103
120
120
106
104
114
121
110
112
114
99
102
105
102
105
117
106
121
110
102
103
121
116
113
101
103
113
107
108
111
118
98
105
98
119
107
114
116
114
102
108
101
112
97
100
108
103
108
104
118
101
108
112
106
104
100
121
120
120
108
106
119
106
119
99
111
113
106
100
108
118
112
110
120
103
107
120
111
121
101
113
115
120
99
112
100
121
97
119
102
115
106
105
112
104
110
99
120
117
116
101
111
101
122
122
117
119
121
113
99
117
121
114
118
106
114
100
119
113
116
100
122
97
100
119
101
121
121
112
108
111
120
112
98
114
98
104
98
105
103
99
114
109
113
108
110
98
105
102
119
110
106
101
109
102
121
106
106
120
108
113
107
108
104
97
106
115
113
118
104
98
100
100
122
98
115
115
113
98
108
97
110
99
106
117
111
113
105
110
110
102
114
104
111
118
122
121
106
100
100
121
108
122
108
102
107
101
102
119
99
120
97
113
106
116
109
113
117
109
105
120
99
118
109
108
120
101
109
113
103
120
101
116
99
110
111
119
107
117
116
101
116
114
118
112
101
103
98
98
121
99
98
114
104
106
105
109
117
121
117
117
99
118
100
102
99
118
121
121
109
119
120
101
113
103
108
