103
105
124
67
51
37
83
91
108
75
52
38
40
61
121
62
44
101
52
33
103
53
34
56
80
45
72
63
99
66
70
64
121
44
39
79
93
91
123
125
48
74
110
114
79
104
106
42
51
106
42
51
65
85
79
116
69
51
125
70
80
51
92
34
96
72
47
42
34
43
39
75
49
40
74
100
67
69
86
57
66
74
103
34
57
87
54
40
63
50
93
80
94
69
47
120
35
69
99
38
62
98
105
118
69
83
77
89
116
111
82
93
95
85
93
108
124
41
119
82
89
117
106
47
101
106
50
70
39
59
103
96
41
83
116
122
65
93
85
68
97
80
76
124
54
66
72
39
107
85
67
81
86
114
46
48
41
120
55
63
125
44
48
94
46
98
82
43
106
88
121
56
87
35
54
103
72
101
65
79
97
50
113
54
124
51
65
62
105
103
91
36
78
39
55
59
69
66
88
68
43
122
38
84
85
40
59
54
74
109
120
64
67
60
116
66
85
103
90
54
84
76
50
84
77
48
75
115
43
64
94
115
43
121
69
101
37
73
88
105
43
104
113
121
83
111
43
126
118
77
100
83
64
96
62
120
119
54
79
84
67
101
126
119
120
119
86
96
69
49
106
65
113
114
48
90
79
63
82
98
79
35
55
53
111
113
53
33
33
39
87
39
92
123
121
50
54
41
101
47
85
62
83
65
125
111
93
97
119
116
119
118
38
100
36
61
64
126
73
57
87
122
126
47
108
123
73
56
100
87
45
94
52
81
48
92
55
66
78
113
120
91
87
79
51
83
122
101
117
74
84
34
100
51
112
114
61
92
110
57
108
94
124
65
117
45
86
113
84
121
56
100
70
49
53
95
46
91
110
76
96
45
58
114
98
55
47
64
87
88
33
126
90
49
81
68
83
82
60
123
38
120
124
97
78
89
51
38
120
108
97
123
85
123
92
64
44
98
41
99
100
43
94
37
47
74
74
69
52
85
33
36
73
114
91
122
76
76
122
42
96
84
57
103
36
76
83
107
61
117
86
68
73
67
114
63
107
43
75
57
40
69
35
61
61
35
102
121
104
48
96
90
49
36
97
63
61
97
78
96
121
83
33
70
53
116
122
107
124
79
43
47
100
80
60
76
46
56
67
107
61
84
61
97
105
88
78
62
93
69
90
110
125
89
65
52
105
60
81
75
51
36
122
104
83
34
74
54
51
125
51
53
125
102
97
108
70
53
107
113
37
71
119
57
112
88
70
88
97
55
105
86
49
41
111
111
86
49
56
42
111
90
34
92
88
56
37
46
122
87
112
56
39
64
111
34
99
118
64
114
71
96
42
50
67
115
84
121
73
47
50
76
35
33
64
69
103
62
93
57
111
39
98
112
123
75
117
65
56
90
78
67
67
57
116
107
91
106
96
77
86
40
68
110
45
67
64
73
60
77
105
115
113
48
52
48
34
109
109
50
83
59
71
43
72
47
91
71
50
111
93
122
107
64
98
71
119
55
33
42
108
74
117
41
58
45
57
62
52
102
99
104
44
58
47
104
85
116
48
103
119
74
47
79
124
39
47
122
112
116
87
53
71
50
49
89
44
108
55
93
38
72
93
82
78
44
109
113
110
98
63
99
99
74
101
90
38
126
81
99
88
106
52
69
113
60
39
73
112
105
104
87
103
110
66
70
98
55
59
55
78
118
102
45
53
59
85
54
59
69
56
107
109
80
110
91
106
81
67
104
40
105
93
111
77
115
57
39
57
112
66
106
76
98
115
107
114
88
94
119
101
72
86
98
49
99
67
43
62
96
62
33
107
55
49
103
42
115
104
107
62
47
123
62
35
36
70
89
125
115
49
75
33
94
116
45
92
83
49
69
113
101
44
51
86
57
81
123
126
42
96
55
35
111
102
112
99
120
100
44
63
86
33
85
57
112
72
35
123
44
91
86
44
42
90
89
56
94
80
60
47
105
40
95
53
97
110
33
81
116
108
58
103
54
92
120
74
123
39
112
79
68
41
123
77
60
50
85
101
67
85
114
88
50
56
67
56
84
114
104
60
92
60
66
53
39
58
79
105
75
87
46
52
46
41
122
77
103
35
91
37
40
125
84
119
41
125
67
55
84
63
69
80
39
106
57
122
102
47
120
79
110
117
64
120
74
97
124
95
117
83
116
103
44
70
81
57
73
36
58
70
78
37
91
39
81
70
122
122
56
50
72
113
70
108
108
118
35
47
122
94
85
35
93
75
83
75
55
64
47
121
81
98
85
126
48
87
49
91
54
