103
69
88
105
80
112
84
120
71
97
75
98
80
104
76
80
97
73
66
72
103
113
102
66
111
107
118
106
72
87
107
117
76
69
116
97
109
121
65
113
65
66
106
71
73
77
116
84
79
87
75
71
111
80
71
114
70
69
66
105
83
68
106
118
90
121
100
109
71
85
83
67
105
121
105
87
70
84
103
108
66
115
83
119
100
105
102
122
107
117
90
114
121
114
119
78
107
114
86
120
111
66
90
112
107
80
115
117
72
67
119
120
117
79
87
108
88
76
121
70
99
104
122
118
85
86
106
67
89
78
105
76
106
76
109
116
109
97
66
86
115
100
117
69
77
77
87
81
115
105
112
121
108
109
103
97
115
111
73
117
85
100
103
110
65
110
114
87
82
112
79
112
87
104
110
68
99
89
120
82
70
98
68
115
85
66
73
65
98
115
112
112
122
89
109
106
111
112
75
65
69
114
114
122
88
109
88
118
100
84
87
86
77
97
88
72
122
121
122
121
75
106
106
68
110
116
79
83
115
75
66
70
97
109
122
74
65
86
80
67
81
65
69
119
114
120
116
115
111
90
83
88
66
97
75
104
70
78
78
80
100
100
97
84
76
65
113
98
70
108
97
68
84
110
120
85
115
109
81
75
101
76
114
102
117
115
88
69
105
90
81
88
78
78
85
110
72
75
114
113
97
103
107
72
104
104
101
114
116
66
114
74
121
111
87
118
81
66
76
87
80
103
103
83
119
77
87
102
115
76
68
119
111
112
111
73
78
68
70
101
90
97
107
101
120
121
111
116
83
68
103
117
108
68
71
69
118
118
109
76
71
68
71
71
89
72
77
111
72
99
104
107
89
69
102
107
100
80
117
75
69
90
69
116
108
90
76
83
118
71
104
86
77
74
78
119
112
108
98
107
108
67
78
116
110
81
100
66
79
75
99
119
107
89
77
85
90
106
99
101
74
66
68
115
108
113
111
71
83
115
121
90
108
90
117
69
77
111
114
117
74
102
120
82
119
78
83
114
86
87
102
106
97
98
66
98
115
121
120
73
101
107
105
89
103
90
121
84
78
103
74
104
108
70
76
118
99
111
65
98
76
106
101
118
97
66
102
83
69
99
117
73
76
80
107
81
78
83
68
80
77
111
122
117
117
101
110
72
72
115
67
81
86
69
98
114
119
85
70
104
121
86
116
114
76
78
86
121
67
101
86
120
110
101
105
118
87
104
117
101
118
106
121
68
98
98
69
82
79
111
85
87
108
90
67
65
99
65
67
80
99
82
107
78
87
113
87
117
112
118
75
103
86
103
114
71
89
99
117
97
102
105
81
75
78
111
78
110
90
87
89
106
98
122
80
117
110
110
117
101
121
108
72
115
97
85
121
120
88
77
99
79
106
114
108
114
89
71
99
83
114
117
116
86
113
106
118
104
120
87
79
98
122
75
117
90
116
112
115
84
86
81
102
116
80
117
110
120
78
76
75
67
71
101
86
105
65
102
80
120
101
76
83
70
105
90
98
76
103
65
118
121
68
73
101
104
121
102
89
78
98
102
90
86
105
114
110
84
83
103
117
106
105
111
88
113
87
113
100
115
103
68
107
101
72
90
75
109
118
88
117
110
77
65
74
113
77
97
117
110
100
72
101
77
106
88
101
72
86
101
122
112
107
66
87
70
114
89
66
99
81
110
70
78
106
80
100
101
106
104
69
89
71
76
74
78
79
65
106
68
87
111
107
71
112
90
79
74
107
69
81
88
115
65
100
117
76
69
97
82
68
119
81
83
101
76
86
109
112
105
76
85
98
98
110
109
74
81
65
86
112
79
122
107
79
106
76
87
107
122
84
112
78
106
78
113
75
110
72
97
77
84
116
109
117
65
106
102
89
97
103
74
104
103
97
67
77
83
120
69
100
101
97
79
90
115
111
66
68
80
116
69
89
114
71
70
70
106
107
82
79
69
84
84
82
109
115
116
98
122
120
118
80
77
110
74
74
115
80
107
68
119
106
84
73
104
101
75
116
120
103
107
111
85
69
67
113
117
89
98
81
108
75
122
114
74
78
118
108
112
75
110
78
70
65
101
108
108
101
72
84
116
77
99
110
109
65
68
110
79
120
70
98
89
107
112
88
101
76
70
67
99
71
70
73
108
84
100
70
72
83
103
81
83
119
65
108
74
88
84
71
101
121
69
90
80
75
71
117
109
109
119
75
105
79
112
114
65
73
68
74
79
112
78
118
103
76
118
115
65
85
116
66
101
117
82
97
78
102
110
