97
83
90
122
79
80
115
99
51
79
104
57
106
54
115
73
53
101
78
121
48
49
52
71
121
75
107
105
99
78
112
112
54
87
75
70
48
69
71
103
51
84
104
112
122
110
105
71
68
121
84
120
76
73
111
111
75
90
86
78
122
102
48
86
55
115
107
100
102
99
110
87
86
112
83
114
88
85
52
83
81
56
81
79
82
88
56
118
89
106
105
66
70
66
86
77
48
70
106
76
55
107
69
113
115
97
115
79
108
119
90
72
108
102
113
105
121
72
79
85
121
67
67
84
97
72
68
121
109
97
66
87
120
89
110
89
49
117
120
90
103
83
114
88
83
112
115
69
102
109
79
114
48
55
76
114
83
105
66
117
118
118
114
122
119
65
68
74
56
109
112
66
76
88
103
71
65
98
89
101
66
77
70
88
73
77
49
82
79
55
100
76
55
88
103
54
85
49
50
84
53
105
117
107
108
117
116
113
108
80
71
111
83
102
84
105
118
119
117
80
82
103
57
72
69
55
114
85
110
54
53
102
69
67
112
67
67
116
97
106
105
98
70
53
104
100
98
108
103
70
117
52
111
87
82
87
68
115
74
88
118
84
54
101
116
84
97
55
54
50
98
54
48
90
107
68
117
48
109
51
116
103
50
108
81
48
120
72
81
86
109
111
68
98
108
87
48
84
55
78
53
112
68
82
67
101
85
76
68
84
48
52
87
74
87
79
109
85
68
101
70
104
117
80
120
122
102
115
53
107
75
86
118
121
53
55
54
73
57
74
113
54
98
98
116
65
50
102
110
115
82
49
72
115
51
48
73
97
76
110
81
81
101
106
77
109
80
102
85
52
70
51
116
114
68
72
86
80
122
89
115
86
83
57
86
83
115
109
69
113
74
115
52
68
117
90
73
74
90
83
119
119
104
54
74
116
103
114
111
122
115
81
85
73
111
50
77
68
74
80
73
100
66
103
111
75
77
101
106
121
50
87
110
50
122
82
115
114
82
100
115
67
89
82
68
108
72
71
71
88
106
52
75
97
104
99
117
107
90
89
77
68
116
102
109
98
70
111
117
85
121
108
105
79
100
111
99
98
48
69
100
85
115
90
49
104
75
118
113
88
65
52
69
55
84
120
77
110
69
118
74
114
88
120
86
101
120
98
112
74
73
84
102
51
98
75
107
70
98
74
68
55
105
101
107
116
116
76
70
73
55
98
68
72
86
116
55
65
90
51
73
116
90
119
118
72
83
55
103
88
121
86
70
54
115
85
108
103
71
81
76
77
88
66
101
114
51
66
115
122
78
76
67
97
99
112
65
104
106
104
76
99
110
113
101
117
99
114
69
56
105
74
81
50
100
84
104
70
109
84
70
113
120
88
116
52
75
121
97
76
121
65
70
72
113
66
119
88
75
79
82
104
105
112
105
50
109
70
116
74
109
73
67
102
52
104
65
114
81
86
106
106
103
90
78
113
54
49
115
56
82
71
104
80
110
57
84
122
101
75
118
70
98
71
67
102
50
102
54
112
84
112
116
84
120
119
102
81
102
109
121
70
75
116
105
56
71
116
106
101
57
119
48
48
72
82
105
110
52
87
50
110
98
82
110
100
51
85
54
51
67
49
76
102
70
56
56
101
79
90
105
70
85
77
80
89
55
81
77
76
122
86
67
110
67
103
122
73
98
53
103
67
88
104
118
110
102
117
104
110
83
75
81
48
105
114
65
121
48
105
55
48
104
118
76
90
79
67
106
51
55
55
99
102
90
118
116
57
86
53
55
118
121
106
77
115
72
119
101
111
121
100
121
114
83
114
56
72
67
119
103
102
105
87
103
71
67
103
120
53
113
56
75
70
114
101
99
86
97
79
65
105
87
76
104
54
52
52
54
87
103
75
78
82
80
97
53
51
118
82
90
119
81
106
68
103
80
70
113
54
70
56
103
117
55
118
114
110
90
116
115
122
85
78
109
74
84
76
83
114
49
76
88
57
115
70
107
98
48
53
72
70
85
108
105
50
83
65
71
118
103
99
115
50
88
82
68
69
122
84
109
104
106
54
107
70
70
88
74
90
86
83
86
100
89
55
68
81
66
86
52
101
57
73
107
55
57
76
72
66
71
107
67
104
79
119
76
121
76
79
57
75
76
74
81
71
105
68
81
81
90
73
50
66
69
78
82
105
69
119
118
115
99
70
122
113
100
116
100
70
101
111
74
56
65
118
106
77
104
51
73
109
115
108
71
84
52
100
75
72
87
117
111
77
70
103
99
111
72
81
