68
79
83
69
71
82
76
70
84
70
66
82
76
66
76
80
85
66
81
80
89
74
74
87
80
72
83
89
79
73
68
80
69
74
84
86
73
77
78
72
68
88
88
83
75
79
72
90
68
77
69
71
90
66
88
83
84
88
65
79
88
77
69
90
67
87
87
72
65
88
82
82
76
89
72
76
68
67
81
89
90
86
65
87
71
84
70
71
88
81
80
66
73
89
84
67
72
83
67
85
75
65
75
90
84
68
76
88
84
70
68
82
90
88
69
85
78
67
84
66
89
80
70
87
73
79
68
73
72
79
89
80
65
67
67
68
80
80
83
82
65
79
85
82
78
78
68
67
79
84
90
83
77
66
84
87
71
90
65
76
89
80
77
65
65
78
78
90
76
87
77
79
82
79
72
76
69
70
68
65
80
71
68
76
69
84
73
79
78
88
78
72
66
77
84
66
87
67
84
83
67
76
85
81
88
85
76
66
67
74
84
74
90
76
79
89
77
75
66
90
80
72
71
78
65
79
77
85
90
77
79
69
80
76
67
81
72
77
90
74
67
75
79
75
65
68
83
80
78
81
88
72
85
71
81
89
85
72
88
82
87
84
79
86
74
86
67
68
89
75
74
70
84
76
71
88
70
85
86
77
78
67
80
67
79
82
79
87
74
88
90
75
74
79
68
76
75
73
89
82
85
77
76
90
83
67
85
77
82
84
86
77
89
86
70
82
89
79
71
84
65
73
81
80
72
69
69
79
87
68
87
77
71
84
75
76
76
73
69
68
85
74
70
79
75
86
77
87
73
72
75
65
72
72
83
73
66
67
74
84
89
78
84
85
88
68
65
79
88
65
88
65
65
86
76
76
76
89
87
78
78
77
79
74
85
87
79
69
85
78
80
78
65
90
68
77
88
84
68
65
66
75
71
80
73
84
79
73
89
65
79
66
82
76
82
68
81
67
73
71
83
78
83
68
84
71
73
80
65
79
80
84
85
84
76
87
71
76
86
68
74
68
85
77
67
88
89
87
87
86
75
87
78
71
71
89
86
89
68
80
76
65
87
77
89
79
67
90
86
68
88
83
80
74
75
76
86
87
68
74
71
66
90
66
73
69
85
84
84
72
72
73
78
68
81
90
88
88
68
68
77
78
70
80
84
79
84
78
80
81
82
83
70
69
89
77
79
89
76
82
88
90
77
85
89
84
67
73
90
84
86
75
66
85
72
81
79
75
85
90
68
74
76
84
68
85
68
86
74
75
70
90
87
82
83
84
66
89
86
72
81
90
87
71
73
75
86
72
79
89
73
80
79
82
82
84
89
79
80
65
66
82
73
72
90
67
79
85
77
90
81
72
67
73
68
65
81
82
77
87
67
90
84
84
68
74
89
71
84
75
75
90
65
79
68
71
68
68
66
76
89
70
89
74
74
84
71
86
87
71
77
68
89
68
83
87
73
88
78
72
89
86
74
83
80
77
83
90
88
81
80
87
73
74
69
75
71
86
86
76
77
89
86
69
85
86
71
65
88
76
69
85
74
86
72
71
79
70
74
72
89
82
90
78
69
90
79
82
85
84
78
86
66
85
75
77
79
82
71
83
78
82
88
68
89
77
76
70
77
68
83
83
72
67
71
68
69
76
67
85
89
71
84
79
90
76
87
72
90
67
88
70
72
84
65
70
72
77
90
80
82
84
85
67
77
68
90
89
65
80
86
76
72
89
72
81
68
82
66
70
85
69
79
83
66
70
81
78
86
71
69
78
65
74
80
70
75
77
79
72
79
74
73
88
76
86
76
80
74
71
75
90
84
86
86
66
72
82
69
78
66
87
69
78
78
90
78
87
86
78
70
72
67
68
75
79
68
68
72
87
82
65
88
83
68
65
90
82
84
69
74
73
90
83
84
90
82
80
80
65
84
86
80
88
65
76
67
78
65
73
68
70
89
71
65
66
76
78
77
79
69
72
69
82
89
88
84
84
72
81
74
70
74
86
74
65
82
68
90
87
81
78
72
81
89
67
68
89
75
84
83
84
71
69
74
89
78
81
65
72
80
78
81
75
69
88
72
71
75
77
81
83
72
86
71
76
75
80
90
74
90
85
71
89
88
90
90
83
90
83
80
80
73
86
86
89
66
75
73
74
65
88
73
89
83
72
83
78
74
81
78
78
65
84
69
73
82
76
72
73
80
82
69
84
81
74
69
81
70
77
70
78
71
78
66
88
76
90
74
87
90
73
90
90
86
80
78
86
76
86
88
86
78
87
78
83
76
82
84
73
